        f0      f1      f2      f3      f4      f5    ...         f11     f12     f13     f14  protected        max
0   0.0000  0.0973  0.1232  0.1028  0.1343  0.1039    ...      0.0661  0.1477  0.1188  0.1434     0.1298         f8
1   0.0000  0.1547  0.1149  0.2105  0.1368  0.1454    ...      0.1169  0.1030  0.1345  0.1331     0.1412         f3
2   0.0000  0.1269  0.1050  0.1105  0.1628  0.1238    ...      0.1108  0.0845  0.1055  0.0687     0.0805         f4
3   0.4974  0.3032  0.2720  0.3057  0.3163  0.3053    ...      0.3273  0.3433  0.3247  0.3080     0.2775         f0
4   0.0000  0.1114  0.1386  0.1302  0.1147  0.1200    ...      0.1322  0.1055  0.1020  0.1311     0.0771         f9
5   0.0000  0.0324  0.0012  0.0105  0.0351  0.0170    ...      0.0243  0.0213  0.0279  0.0120     0.0077         f4
6   0.4980  0.3435  0.3157  0.3604  0.3539  0.3835    ...      0.3614  0.3041  0.3597  0.3478     0.3137         f0
7   0.0000  0.1376  0.1483  0.1283  0.1376  0.0571    ...      0.1280  0.1489  0.1521  0.1455     0.1645  protected
8   0.5147  0.3986  0.3797  0.3502  0.3558  0.4221    ...      0.3767  0.3734  0.3820  0.3206     0.4112         f0
9   0.0000  0.0594  0.1135  0.0918  0.0478  0.0590    ...      0.0869  0.0733  0.0894  0.0870     0.0456         f2
10  0.0000  0.1718  0.1453  0.1898  0.1878  0.1499    ...      0.2022  0.1258  0.1241  0.1498     0.1377        f11
11  0.0000  0.0305  0.0219  0.0305  0.0676  0.0355    ...      0.0585  0.0071  0.0387  0.0303     0.0576         f4
12  0.4952  0.4028  0.3868  0.3902  0.3856  0.4574    ...      0.3806  0.4225  0.3737  0.4222     0.3960         f0
13  0.5029  0.4360  0.4152  0.4450  0.4350  0.4347    ...      0.4738  0.4538  0.4448  0.4449     0.4600         f0
14  0.0000  0.1393  0.1807  0.1766  0.1456  0.1838    ...      0.1373  0.1933  0.1735  0.1377     0.1997         f6
15  0.4891  0.4708  0.4896  0.5017  0.4920  0.4692    ...      0.4754  0.4807  0.4935  0.4784     0.4754         f3
16  0.4990  0.4455  0.4700  0.4183  0.4405  0.4182    ...      0.3794  0.4182  0.3987  0.4569     0.4155         f0
17  0.0000  0.1529  0.1127  0.1231  0.0907  0.1508    ...      0.1220  0.1468  0.1110  0.1416     0.1108         f7
18  0.0000  0.1921  0.1533  0.1224  0.1287  0.1231    ...      0.1034  0.1332  0.1127  0.1602     0.1708         f1
19  0.5056  0.3745  0.4049  0.4087  0.3830  0.4048    ...      0.4526  0.3870  0.4219  0.4281     0.4440         f0
20  0.0000  0.0880  0.0849  0.0795  0.1206  0.1198    ...      0.0621  0.1294  0.0964  0.0767     0.0779         f7
21  0.0000  0.1468  0.1243  0.1126  0.1233  0.0705    ...      0.1494  0.1421  0.0941  0.0734     0.0766        f11
22  0.0000  0.0133  0.0020  0.0208  0.0004  0.0184    ...      0.0071  0.0204  0.0082  0.0153     0.0153         f3
23  0.0000  0.0049  0.0194  0.0059  0.0045  0.0130    ...      0.0051  0.0112  0.0064  0.0078     0.0123         f7
24  0.0000  0.0339  0.0286  0.0148  0.0260  0.0427    ...      0.0036  0.0022  0.0348  0.0254     0.0388         f5
25  0.4998  0.4146  0.4440  0.4530  0.4345  0.4235    ...      0.4357  0.4627  0.4174  0.4409     0.4185         f0
26  0.0000  0.0739  0.0664  0.0701  0.0983  0.0359    ...      0.0978  0.0879  0.0459  0.0420     0.1218  protected
27  0.4989  0.4022  0.4239  0.4164  0.4605  0.3753    ...      0.4072  0.3866  0.4363  0.3913     0.4123         f0
28  0.0000  0.0091  0.0274  0.0341  0.0361  0.0307    ...      0.0451  0.0212  0.0334  0.0500     0.0249        f14
29  0.0000  0.1436  0.1485  0.1958  0.1509  0.1249    ...      0.1135  0.1369  0.1888  0.1293     0.1886         f3
..     ...     ...     ...     ...     ...     ...    ...         ...     ...     ...     ...        ...        ...
70  0.5046  0.4178  0.3697  0.4426  0.4177  0.4573    ...      0.4536  0.3806  0.4157  0.4187     0.4176         f0
71  0.0000  0.1914  0.1659  0.1602  0.1208  0.1921    ...      0.2086  0.1372  0.1754  0.1402     0.1671        f11
72  0.0000  0.1238  0.0901  0.1246  0.1541  0.1865    ...      0.1023  0.1002  0.1333  0.1116     0.1225         f5
73  0.0000  0.0180  0.0137  0.0344  0.0344  0.0452    ...      0.0254  0.0238  0.0613  0.0593     0.0422        f13
74  0.0000  0.0999  0.0918  0.1064  0.0904  0.0846    ...      0.1208  0.0663  0.1735  0.0910     0.1204        f13
75  0.0000  0.0100  0.0184  0.0318  0.0342  0.0093    ...      0.0428  0.0267  0.0314  0.0184     0.0133         f7
76  0.5066  0.3647  0.3846  0.4025  0.4103  0.3971    ...      0.4454  0.3932  0.4718  0.3945     0.4113         f0
77  0.4981  0.4038  0.4082  0.4294  0.4566  0.4377    ...      0.4461  0.4430  0.3844  0.4500     0.4321         f0
78  0.0000  0.0611  0.0301  0.0460  0.0504  0.0507    ...      0.0512  0.0626  0.0904  0.0256     0.0770        f13
79  0.5008  0.3997  0.4292  0.4390  0.4110  0.3935    ...      0.4006  0.4045  0.3890  0.4095     0.5005         f0
80  0.0000  0.1170  0.1659  0.1370  0.0814  0.1405    ...      0.1351  0.0887  0.1295  0.1369     0.1443         f9
81  0.0000  0.1079  0.0783  0.0736  0.0970  0.0847    ...      0.0557  0.0425  0.0547  0.0500     0.0924         f1
82  0.0000  0.0719  0.0754  0.0707  0.0744  0.0676    ...      0.1487  0.0573  0.0491  0.0518     0.0552        f11
83  0.0000  0.0385  0.0419  0.0581  0.0474  0.0279    ...      0.0783  0.0443  0.0768  0.0481     0.0178         f7
84  0.0000  0.1140  0.0716  0.0846  0.1047  0.0693    ...      0.1242  0.1045  0.1041  0.0891     0.0909         f7
85  0.0000  0.1320  0.1735  0.1605  0.1244  0.1542    ...      0.1571  0.1454  0.1615  0.1342     0.2067  protected
86  0.0000  0.0893  0.0589  0.0598  0.0725  0.0724    ...      0.0035  0.0711  0.0419  0.0602     0.0908  protected
87  0.5013  0.4381  0.3918  0.4269  0.4592  0.4439    ...      0.3852  0.4211  0.4374  0.3934     0.3750         f0
88  0.0000  0.1091  0.0692  0.1019  0.1034  0.1150    ...      0.1017  0.1806  0.1033  0.0910     0.0954        f12
89  0.0000  0.1251  0.1282  0.1564  0.1311  0.0844    ...      0.1052  0.1980  0.1419  0.1255     0.1368        f12
90  0.0000  0.1017  0.0695  0.0806  0.1027  0.0901    ...      0.0822  0.1446  0.1009  0.0285     0.0920        f12
91  0.0000  0.0197  0.0147  0.0183  0.0334  0.0154    ...      0.0083  0.0248  0.0068  0.0014     0.0359  protected
92  0.0000  0.1047  0.0747  0.0884  0.1198  0.0525    ...      0.0809  0.0474  0.1084  0.0660     0.0654         f4
93  0.0000  0.1194  0.1481  0.0954  0.0762  0.0699    ...      0.1096  0.0679  0.0680  0.1014     0.0991         f2
94  0.0000  0.1053  0.1272  0.0761  0.0906  0.0729    ...      0.0625  0.1088  0.1008  0.0858     0.1227         f2
95  0.4986  0.4473  0.4776  0.4682  0.4574  0.4810    ...      0.4739  0.4988  0.4888  0.4837     0.4668        f12
96  0.0000  0.0907  0.1124  0.0843  0.0894  0.1129    ...      0.1386  0.1469  0.0920  0.0876     0.1057        f12
97  0.0000  0.0694  0.0718  0.1402  0.1235  0.0982    ...      0.1538  0.1429  0.0949  0.1369     0.1398        f11
98  0.0000  0.1233  0.1399  0.0946  0.1214  0.0683    ...      0.0831  0.1301  0.0646  0.0969     0.1284         f2
99  0.5024  0.4030  0.4456  0.4615  0.4248  0.4394    ...      0.4559  0.4358  0.4419  0.4751     0.4269         f0

[100 rows x 17 columns]


Num. FP: 7