False Positives:
              f0         f1         f2         f3         f4  protected
count  52.000000  52.000000  52.000000  52.000000  52.000000  52.000000
mean    0.041271  -0.003458   0.026288  -0.046612  -0.079638   0.066723
std     0.217071   0.271115   0.286546   0.306172   0.256003   0.290206
min    -0.387200  -0.501200  -0.499600  -0.466700  -0.500300  -0.483000
25%    -0.125900  -0.200700  -0.229700  -0.341450  -0.301975  -0.211825
50%     0.077800  -0.045000  -0.015800  -0.134600  -0.184850   0.177350
75%     0.211075   0.230750   0.293450   0.238275   0.187800   0.296175
max     0.437300   0.503500   0.496000   0.511600   0.345100   0.454700

Equal weight:
           f0      f1      f2      f3      f4  protected
count  1.0000  1.0000  1.0000  1.0000  1.0000     1.0000
mean   0.3732  0.3139  0.4493 -0.2807 -0.2723     0.3732
std       NaN     NaN     NaN     NaN     NaN        NaN
min    0.3732  0.3139  0.4493 -0.2807 -0.2723     0.3732
25%    0.3732  0.3139  0.4493 -0.2807 -0.2723     0.3732
50%    0.3732  0.3139  0.4493 -0.2807 -0.2723     0.3732
75%    0.3732  0.3139  0.4493 -0.2807 -0.2723     0.3732
max    0.3732  0.3139  0.4493 -0.2807 -0.2723     0.3732

f0 has more weight:
              f0         f1         f2         f3         f4  protected
count  47.000000  47.000000  47.000000  47.000000  47.000000  47.000000
mean    0.010717   0.041681   0.053066   0.024509  -0.003334   0.005213
std     0.323409   0.251585   0.279482   0.280980   0.273411   0.228525
min    -0.497500  -0.453900  -0.499700  -0.505600  -0.499600  -0.373200
25%    -0.280750  -0.179950  -0.207450  -0.233450  -0.244650  -0.220500
50%     0.094700   0.123200   0.124700   0.121500   0.000000   0.046900
75%     0.322050   0.251850   0.271600   0.253250   0.236000   0.208900
max     0.440900   0.388400   0.481400   0.500600   0.497800   0.374400