False Positives:
              f0         f1         f2         f3         f4         f5         f6  protected
count  47.000000  47.000000  47.000000  47.000000  47.000000  47.000000  47.000000  47.000000
mean    0.061817  -0.038236  -0.064364  -0.058787   0.061657   0.042913  -0.029028  -0.010123
std     0.236083   0.289248   0.273683   0.285052   0.260360   0.281150   0.265812   0.302756
min    -0.354500  -0.450700  -0.449800  -0.474600  -0.481200  -0.433900  -0.477300  -0.452400
25%    -0.148750  -0.264950  -0.300700  -0.333900  -0.175050  -0.225650  -0.265400  -0.279900
50%     0.117800  -0.112900  -0.157400  -0.125800   0.189500   0.159500  -0.029600  -0.104200
75%     0.254200   0.262200   0.188300   0.220200   0.275350   0.279500   0.219650   0.262500
max     0.444300   0.441100   0.447200   0.456100   0.395400   0.478100   0.365100   0.467400

Equal weight:
        f0   f1   f2   f3   f4   f5   f6  protected
count  0.0  0.0  0.0  0.0  0.0  0.0  0.0        0.0
mean   NaN  NaN  NaN  NaN  NaN  NaN  NaN        NaN
std    NaN  NaN  NaN  NaN  NaN  NaN  NaN        NaN
min    NaN  NaN  NaN  NaN  NaN  NaN  NaN        NaN
25%    NaN  NaN  NaN  NaN  NaN  NaN  NaN        NaN
50%    NaN  NaN  NaN  NaN  NaN  NaN  NaN        NaN
75%    NaN  NaN  NaN  NaN  NaN  NaN  NaN        NaN
max    NaN  NaN  NaN  NaN  NaN  NaN  NaN        NaN

f0 has more weight:
              f0         f1         f2         f3         f4         f5         f6  protected
count  53.000000  53.000000  53.000000  53.000000  53.000000  53.000000  53.000000  53.000000
mean    0.011517  -0.002955  -0.067725   0.045175  -0.011742  -0.005051   0.009257   0.052560
std     0.299894   0.256240   0.262215   0.248609   0.250652   0.261762   0.258625   0.204326
min    -0.479700  -0.400900  -0.408600  -0.461300  -0.454400  -0.405800  -0.469300  -0.305000
25%    -0.260300  -0.228500  -0.290100  -0.186300  -0.227400  -0.213700  -0.229800  -0.161200
50%     0.107500  -0.062900  -0.174200   0.116200  -0.098600  -0.062200   0.104000   0.119300
75%     0.266800   0.238700   0.193000   0.253200   0.216800   0.250200   0.235300   0.218700
max     0.500600   0.465700   0.423100   0.440800   0.436800   0.476100   0.424800   0.407900