False Positives:
              f0         f1         f2         f3    ...             f7         f8         f9  protected
count  50.000000  50.000000  50.000000  50.000000    ...      50.000000  50.000000  50.000000  50.000000
mean    0.006992  -0.079764  -0.027954  -0.104080    ...      -0.044434  -0.017018  -0.059138  -0.029666
std     0.245798   0.278442   0.291140   0.266854    ...       0.272028   0.260236   0.272657   0.303256
min    -0.381200  -0.409700  -0.428400  -0.430600    ...      -0.404800  -0.362500  -0.434600  -0.471700
25%    -0.247650  -0.326650  -0.290500  -0.325250    ...      -0.281225  -0.260000  -0.286750  -0.319950
50%     0.109100  -0.192750  -0.161800  -0.219350    ...      -0.171000  -0.036400  -0.161000   0.092400
75%     0.218875   0.210425   0.250325   0.156750    ...       0.203100   0.237350   0.209500   0.241775
max     0.344600   0.447400   0.472700   0.465700    ...       0.496800   0.457400   0.467300   0.402300

[8 rows x 11 columns]

Equal weight:
        f0   f1   f2   f3   f4   f5   f6   f7   f8   f9  protected
count  0.0  0.0  0.0  0.0  0.0  0.0  0.0  0.0  0.0  0.0        0.0
mean   NaN  NaN  NaN  NaN  NaN  NaN  NaN  NaN  NaN  NaN        NaN
std    NaN  NaN  NaN  NaN  NaN  NaN  NaN  NaN  NaN  NaN        NaN
min    NaN  NaN  NaN  NaN  NaN  NaN  NaN  NaN  NaN  NaN        NaN
25%    NaN  NaN  NaN  NaN  NaN  NaN  NaN  NaN  NaN  NaN        NaN
50%    NaN  NaN  NaN  NaN  NaN  NaN  NaN  NaN  NaN  NaN        NaN
75%    NaN  NaN  NaN  NaN  NaN  NaN  NaN  NaN  NaN  NaN        NaN
max    NaN  NaN  NaN  NaN  NaN  NaN  NaN  NaN  NaN  NaN        NaN

f0 has more weight:
              f0         f1         f2         f3    ...             f7         f8         f9  protected
count  50.000000  50.000000  50.000000  50.000000    ...      50.000000  50.000000  50.000000  50.000000
mean    0.040730  -0.000140  -0.003146  -0.066756    ...       0.034418   0.034284   0.030604  -0.028218
std     0.308344   0.286329   0.273713   0.267991    ...       0.263482   0.266914   0.267780   0.242849
min    -0.475000  -0.449700  -0.478100  -0.473300    ...      -0.397400  -0.364200  -0.485800  -0.350600
25%    -0.239175  -0.267800  -0.261150  -0.278075    ...      -0.237100  -0.248150  -0.233775  -0.225875
50%     0.191950   0.015700   0.110250  -0.186750    ...       0.134100   0.123700   0.131450  -0.143650
75%     0.311475   0.288025   0.253800   0.221925    ...       0.279200   0.262150   0.272125   0.193775
max     0.434900   0.429500   0.373900   0.419400    ...       0.430800   0.448500   0.387600   0.438800

[8 rows x 11 columns]