     f0      f1      f2  protected max
0   0.0  0.0000  0.0000        0.0  f0
1   0.0  0.0000  0.0000        0.0  f0
2   0.0  0.0000  0.0000        0.0  f0
3   0.0  0.0000  0.0000        0.0  f0
4   0.0  0.0000  0.0000        0.0  f0
5   0.0  0.0000  0.0000        0.0  f0
6   0.0  0.0000  0.0000        0.0  f0
7   0.0  0.0636  0.0000        0.0  f1
8   0.0  0.0000  0.0000        0.0  f0
9   0.0  0.0000  0.0000        0.0  f0
10  0.0  0.0000  0.0000        0.0  f0
11  0.0  0.0000  0.0000        0.0  f0
12  0.0  0.0000  0.0000        0.0  f0
13  0.0  0.0000  0.0000        0.0  f0
14  0.0  0.0000  0.0584        0.0  f2
15  0.0  0.0000  0.0000        0.0  f0
16  0.0  0.0000  0.0000        0.0  f0
17  0.0  0.0000  0.0000        0.0  f0
18  0.0  0.0000  0.0000        0.0  f0
19  0.0  0.0000  0.0000        0.0  f0
20  0.0  0.1244  0.0642        0.0  f1
21  0.0  0.0000  0.0000        0.0  f0
22  0.0  0.0000  0.0613        0.0  f2
23  0.0  0.0000  0.0000        0.0  f0
24  0.0  0.0000  0.0000        0.0  f0
25  0.0  0.0000  0.0000        0.0  f0
26  0.0  0.0000  0.0000        0.0  f0
27  0.0  0.0000  0.0000        0.0  f0
28  0.0  0.0000  0.0000        0.0  f0
29  0.0  0.0000  0.0000        0.0  f0
..  ...     ...     ...        ...  ..
70  0.0  0.0000  0.0000        0.0  f0
71  0.0  0.0000  0.0000        0.0  f0
72  0.0  0.0000  0.0000        0.0  f0
73  0.0  0.0000  0.0000        0.0  f0
74  0.0  0.0000  0.0000        0.0  f0
75  0.0  0.0000  0.0000        0.0  f0
76  0.0  0.0000  0.0000        0.0  f0
77  0.0  0.0000  0.0000        0.0  f0
78  0.0  0.0000  0.0000        0.0  f0
79  0.0  0.0000  0.0000        0.0  f0
80  0.0  0.0000  0.0000        0.0  f0
81  0.0  0.0000  0.0000        0.0  f0
82  0.0  0.0000  0.0000        0.0  f0
83  0.0  0.0000  0.0000        0.0  f0
84  0.0  0.0000  0.0000        0.0  f0
85  0.0  0.0000  0.0000        0.0  f0
86  0.0  0.0000  0.0000        0.0  f0
87  0.0  0.0000  0.0000        0.0  f0
88  0.0  0.0000  0.0000        0.0  f0
89  0.0  0.0000  0.0000        0.0  f0
90  0.0  0.0000  0.0000        0.0  f0
91  0.0  0.0000  0.0000        0.0  f0
92  0.0  0.0000  0.0000        0.0  f0
93  0.0  0.0000  0.0000        0.0  f0
94  0.0  0.0000  0.0000        0.0  f0
95  0.0  0.0000  0.0000        0.0  f0
96  0.0  0.0000  0.0000        0.0  f0
97  0.0  0.0000  0.0000        0.0  f0
98  0.0  0.0000  0.0000        0.0  f0
99  0.0  0.0000  0.0000        0.0  f0

[100 rows x 5 columns]


Num. FP: 0